0000000000000000000000000000000000000001
0000000000000000000000001110100000000001
0000000000000000000000000000000000000001
0000000000001000000000001110100000000001
0000000000000000000000000000000000000001
0000000000010000000000001110100000000001
0000000000000000000000000000000000000001
0000000000011000000000001110100000000001
0000000000000000000000000000000000000001
0000000011100000000000001110100000000001
0000000000000000000000000000000000000001
0000000010111000000000001110100000000001
0000000000111001000111110010000000000001
0000000000101001000010000010001000000001
0000000000000010000000011010000000000001
1111111111100001000110000010001000000001
0000000000000010000000001010000000000001
0000000000110000000000001110101000000001
0000000001000000000000001111001000000001
0000000000110000000000001100000000000001
0000000000000000000000000000000000000001
1111111111110000000000010010000100000001
0000000000000000000000001010000100000001
1111111111100001000010000010001001000001
0000000001001000000000001110001000000001
0000000001000000000000001100000000000001
0000000001001111111111110010000000000001
1111111111100001000010000010001000000001
0000000001010000000000001110001000000001
0000000001010010000000100010000000000001
0000000000100000000000001110001000000001
1111111111110010000000110010000000000001
0000000001100000000000001110001000000001
1111111111110010000001000010000000000001
0000000001101000000000001110001000000001
1111111111110010000001010010000000000001
0000000001110000000000001110001000000001
1111111111110010000001100010000000001001
0000000010000010000001110010000000000001
1111111111111001000111110010001000000001
0000000010001000000000001111001000000001
1111111111110001000010010011001001000001
1111111111101001000010000010000000100111
0000000001111000000000001110001000000001
0000000000000000000000000000000000000001
1111111111110010000010000010000000001001
0000000010011010000010010010000000000001
1111111111111001000111110010001000000001
0000000010100000000000001111001000000001
1111111111110001000010010011001001000001
1111111111101001000010000010000000100111
0000000010010000000000001110001000000001
0000000000000000000000000000000000000001
1111111111110010000010100010000000000001
0000000010101000000000001110001000000001
0000000011000010000010110010000000000001
0000000100110010000010110011010000000001
0000000010110001000010000010001001000001
0000000010111001000010000010001000000001
0000000100111000000000001110001000000001
0000000000000000000000000000000000000001
0000000011001000000000001111001000000001
0000000011101010000011000010000000000001
0000000100011010000011000011010000000001
0000000011011001000010000010001001000001
0000000011100001000010000010001000000001
0000000100100000000000001110001000000001
0000000000000000000000000000000000000001
0000000011110000000000001111001000000001
0000000001111010000011010010000000000001
0000000100000000000000001110001000000001
0000000000000000000000000000000000000001
0000000010010010000011100010000000000001
0000000100001000000000001110001000000001
0000000000000000000000000000000000000001
0000000101100010000100100010000000000001
0000000101011010000100110010001000000001
0000000101001010000100100011010000000001
0000000101000010000100110010001000000001
0000000100100010000011110010001000000001
0000000100011010000100000010001000000001
0000000100010010000100010010001000000001
0000000000000000000000000000000000000001
0000000101010000000000001110001000000001
0000000101101000000000001111001000000001
0000000110010010000100100010000000000001
0000000110001010000100110010001000000001
0000000101111010000100100011010000000001
0000000101110010000100110010001000000001
0000000100111010000011110010001000000001
0000000100110010000100000010001000000001
0000000100101010000100010010001000000001
0000000000000000000000000000000000000001
0000000110000000000000001110001000000001
0000000110011000000000001111001000000001
0000000100000010000101000010000000000001
0000000110100000000000001110001000000001
0000000000000000000000000000000000000001
0000000100001010000101010010000000000001
0000000110101000000000001110001000000001
0000000000000000000000000000000000000001
0000000101010010000101100010000000000001
0000010010101000000000001110001000000001
0000000000000000000000000000000000000001
0000000110000010000101110010000000000001
0000000111000000000000001110001000000001
0000000000000000000000000000000000000001
0000000111101010000110110010000000000001
0000000111100010000111000010001000000001
0000000111010010000110110011010000000001
0000000111001010000111000010001000000001
0000000111000010000110000010001000000001
0000000110111010000110010010001000000001
0000000110110010000110100010001000000001
0000000000000000000000000000000000000001
0000000111011000000000001110001000000001
0000000111110000000000001111001000000001
0000001000011010001000000010000000000001
0000001000010010001000010010001000000001
0000001000000010001000000011010000000001
0000000111111010001000010010001000000001
0000000111011010000111010010001000000001
0000000111010010000111100010001000000001
0000000111001010000111110010001000000001
0000000000000000000000000000000000000001
0000001000001000000000001110001000000001
0000001000100000000000001111001000000001
0000001001001010001001010010000000000001
0000001001000010001001100010001000000001
0000001000110010001001010011010000000001
0000001000101010001001100010001000000001
0000001000001010001000100010001000000001
0000001000000010001000110010001000000001
0000000111111010001001000010001000000001
0000000000000000000000000000000000000001
0000001000111000000000001110001000000001
0000001001010000000000001111001000000001
0000001001111010001010100010000000000001
0000001001110010001010110010001000000001
0000001001100010001010100011010000000001
0000001001011010001010110010001000000001
0000001000111010001001110010001000000001
0000001000110010001010000010001000000001
0000001000101010001010010010001000000001
0000000000000000000000000000000000000001
0000001001101000000000001110001000000001
0000001010000000000000001111001000000001
0000001010101010001011110010000000000001
0000001010100010001100000010001000000001
0000001010010010001011110011010000000001
0000001010001010001100000010001000000001
0000001001101010001011000010001000000001
0000001001100010001011010010001000000001
0000001001011010001011100010001000000001
0000000000000000000000000000000000000001
0000001010011000000000001110001000000001
0000001010110000000000001111001000000001
0000001011011010001101000010000000000001
0000001011010010001101010010001000000001
0000001011000010001101000011010000000001
0000001010111010001101010010001000000001
0000001010011010001100010010001000000001
0000001010010010001100100010001000000001
0000001010001010001100110010001000000001
0000000000000000000000000000000000000001
0000001011001000000000001110001000000001
0000001011100000000000001111001000000001
0000001100001010001110010010000000000001
0000001100000010001110100010001000000001
0000001011110010001110010011010000000001
0000001011101010001110100010001000000001
0000001011001010001101100010001000000001
0000001011000010001101110010001000000001
0000001010111010001110000010001000000001
0000000000000000000000000000000000000001
0000001011111000000000001110001000000001
0000001100010000000000001111001000000001
0000001100111010001111100010000000000001
0000001100110010001111110010001000000001
0000001100100010001111100011010000000001
0000001100011010001111110010001000000001
0000001011111010001110110010001000000001
0000001011110010001111000010001000000001
0000001011101010001111010010001000000001
0000000000000000000000000000000000000001
0000001100101000000000001110001000000001
0000001101000000000000001111001000000001
0000001101101010010000110010000000000001
0000001101100010010001000010001000000001
0000001101010010010000110011010000000001
0000001101001010010001000010001000000001
0000001100101010010000000010001000000001
0000001100100010010000010010001000000001
0000001100011010010000100010001000000001
0000000000000000000000000000000000000001
0000001101011000000000001110001000000001
0000001101110000000000001111001000000001
0000001110011010010010000010000000000001
0000001110010010010010010010001000000001
0000001110000010010010000011010000000001
0000001101111010010010010010001000000001
0000001101011010010001010010001000000001
0000001101010010010001100010001000000001
0000001101001010010001110010001000000001
0000000000000000000000000000000000000001
0000001110001000000000001110001000000001
0000001110100000000000001111001000000001
0000001111001010010011010010000000000001
0000001111000010010011100010001000000001
0000001110110010010011010011010000000001
0000001110101010010011100010001000000001
0000001110001010010010100010001000000001
0000001110000010010010110010001000000001
0000001101111010010011000010001000000001
0000000000000000000000000000000000000001
0000001110111000000000001110001000000001
0000001111010000000000001111001000000001
0000001111111010010100100010000000000001
0000001111110010010100110010001000000001
0000001111100010010100100011010000000001
0000001111011010010100110010001000000001
0000001110111010010011110010001000000001
0000001110110010010100000010001000000001
0000001110101010010100010010001000000001
0000000000000000000000000000000000000001
0000001111101000000000001110001000000001
0000010000000000000000001111001000000001
0000010000101010010101110010000000000001
0000010000100010010110000010001000000001
0000010000010010010101110011010000000001
0000010000001010010110000010001000000001
0000001111101010010101000010001000000001
0000001111100010010101010010001000000001
0000001111011010010101100010001000000001
0000000000000000000000000000000000000001
0000010000011000000000001110001000000001
0000010000110000000000001111001000000001
0000010001011010010111000010000000000001
0000010001010010010111010010001000000001
0000010001000010010111000011010000000001
0000010000111010010111010010001000000001
0000010000011010010110010010001000000001
0000010000010010010110100010001000000001
0000010000001010010110110010001000000001
0000000000000000000000000000000000000001
0000010001001000000000001110001000000001
0000010001100000000000001111001000000001
0000010010001010011000010010000000000001
0000010010000010011000100010001000000001
0000010001110010011000010011010000000001
0000010001101010011000100010001000000001
0000010001001010010111100010001000000001
0000010001000010010111110010001000000001
0000010000111010011000000010001000000001
0000000000000000000000000000000000000001
0000010001111000000000001110001000000001
0000010010010000000000001111001000000001
0000010011010010011001100010000000000001
0000010011001010011001110010001000000001
0000010010111010011001100011010000000001
0000010010110010011001110010001000000001
0000010010101010011000110010001000000001
0000010010100010011001000010001000000001
0000010010011010011001010010001000000001
0000000000000000000000000000000000000001
0000010011000000000000001110001000000001
0000010011011000000000001111001000000001
0000010100000010011010110010000000000001
0000010011111010011011000010001000000001
0000010011101010011010110011010000000001
0000010011100010011011000010001000000001
0000010011000010011010000010001000000001
0000010010111010011010010010001000000001
0000010010110010011010100010001000000001
0000000000000000000000000000000000000001
0000010011110000000000001110001000000001
0000010100001000000000001111001000000001
0000010100110010011100000010000000000001
0000010100101010011100010010001000000001
0000010100011010011100000011010000000001
0000010100010010011100010010001000000001
0000010011110010011011010010001000000001
0000010011101010011011100010001000000001
0000010011100010011011110010001000000001
0000000000000000000000000000000000000001
0000010100100000000000001110001000000001
0000010100111000000000001111001000000001
0000010101100010011101010010000000000001
0000010101011010011101100010001000000001
0000010101001010011101010011010000000001
0000010101000010011101100010001000000001
0000010100100010011100100010001000000001
0000010100011010011100110010001000000001
0000010100010010011101000010001000000001
0000000000000000000000000000000000000001
0000010101010000000000001110001000000001
0000010101101000000000001111001000000001
0000010110010010011110100010000000000001
0000010110001010011110110010001000000001
0000010101111010011110100011010000000001
0000010101110010011110110010001000000001
0000010101010010011101110010001000000001
0000010101001010011110000010001000000001
0000010101000010011110010010001000000001
0000000000000000000000000000000000000001
0000010110000000000000001110001000000001
0000010110011000000000001111001000000001
0000010111000010011111110010000000000001
0000010110111010100000000010001000000001
0000010110101010011111110011010000000001
0000010110100010100000000010001000000001
0000010110000010011111000010001000000001
0000010101111010011111010010001000000001
0000010101110010011111100010001000000001
0000000000000000000000000000000000000001
0000010110110000000000001110001000000001
0000010111001000000000001111001000000001
0000010111110010100001000010000000000001
0000010111101010100001010010001000000001
0000010111011010100001000011010000000001
0000010111010010100001010010001000000001
0000010110110010100000010010001000000001
0000010110101010100000100010001000000001
0000010110100010100000110010001000000001
0000000000000000000000000000000000000001
0000010111100000000000001110001000000001
0000010111111000000000001111001000000001
0000011000100010100010010010000000000001
0000011000011010100010100010001000000001
0000011000001010100010010011010000000001
0000011000000010100010100010001000000001
0000010111100010100001100010001000000001
0000010111011010100001110010001000000001
0000010111010010100010000010001000000001
0000000000000000000000000000000000000001
0000011000010000000000001110001000000001
0000011000101000000000001111001000000001
0000011001010010100011100010000000000001
0000011001001010100011110010001000000001
0000011000111010100011100011010000000001
0000011000110010100011110010001000000001
0000011000010010100010110010001000000001
0000011000001010100011000010001000000001
0000011000000010100011010010001000000001
0000000000000000000000000000000000000001
0000011001000000000000001110001000000001
0000011001011000000000001111001000000001
0000011010000010100100110010000000000001
0000011001111010100101000010001000000001
0000011001101010100100110011010000000001
0000011001100010100101000010001000000001
0000011001000010100100000010001000000001
0000011000111010100100010010001000000001
0000011000110010100100100010001000000001
0000000000000000000000000000000000000001
0000011001110000000000001110001000000001
0000011010001000000000001111001000000001
0000011010110010100110000010000000000001
0000011010101010100110010010001000000001
0000011010011010100110000011010000000001
0000011010010010100110010010001000000001
0000011001110010100101010010001000000001
0000011001101010100101100010001000000001
0000011001100010100101110010001000000001
0000000000000000000000000000000000000001
0000011010100000000000001110001000000001
0000011010111000000000001111001000000001
0000011011100010100111010010000000000001
0000011011011010100111100010001000000001
0000011011001010100111010011010000000001
0000011011000010100111100010001000000001
0000011010100010100110100010001000000001
0000011010011010100110110010001000000001
0000011010010010100111000010001000000001
0000000000000000000000000000000000000001
0000011011010000000000001110001000000001
0000011011101000000000001111001000000001
0000011100010010101000100010000000000001
0000011100001010101000110010001000000001
0000011011111010101000100011010000000001
0000011011110010101000110010001000000001
0000011011010010100111110010001000000001
0000011011001010101000000010001000000001
0000011011000010101000010010001000000001
0000000000000000000000000000000000000001
0000011100000000000000001110001000000001
0000011100011000000000001111001000000001
0000011101000010101001110010000000000001
0000011100111010101010000010001000000001
0000011100101010101001110011010000000001
0000011100100010101010000010001000000001
0000011100000010101001000010001000000001
0000011011111010101001010010001000000001
0000011011110010101001100010001000000001
0000000000000000000000000000000000000001
0000011100110000000000001110001000000001
0000011101001000000000001111001000000001
0000011101110010101011000010000000000001
0000011101101010101011010010001000000001
0000011101011010101011000011010000000001
0000011101010010101011010010001000000001
0000011100110010101010010010001000000001
0000011100101010101010100010001000000001
0000011100100010101010110010001000000001
0000000000000000000000000000000000000001
0000011101100000000000001110001000000001
0000011101111000000000001111001000000001
0000011110100010101100010010000000000001
0000011110011010101100100010001000000001
0000011110001010101100010011010000000001
0000011110000010101100100010001000000001
0000010001111010101011100010001000000001
0000010001110010101011110010001000000001
0000010001101010101100000010001000000001
0000000000000000000000000000000000000001
0000011110010000000000001110001000000001
0000011110101000000000001111001000000001
0000011111010010101101100010000000000001
0000011111001010101101110010001000000001
0000011110111010101101100011010000000001
0000011110110010101101110010001000000001
0000011110010010101100110010001000000001
0000011110001010101101000010001000000001
0000011110000010101101010010001000000001
0000000000000000000000000000000000000001
0000011111000000000000001110001000000001
0000011111011000000000001111001000000001
0000100000000010101110110010000000000001
0000011111111010101111000010001000000001
0000011111101010101110110011010000000001
0000011111100010101111000010001000000001
0000011111000010101110000010001000000001
0000011110111010101110010010001000000001
0000011110110010101110100010001000000001
0000000000000000000000000000000000000001
0000011111110000000000001110001000000001
0000100000001000000000001111001000000001
0000100000110010110000000010000000000001
0000100000101010110000010010001000000001
0000100000011010110000000011010000000001
0000100000010010110000010010001000000001
0000011111110010101111010010001000000001
0000011111101010101111100010001000000001
0000011111100010101111110010001000000001
0000000000000000000000000000000000000001
0000100000100000000000001110001000000001
0000100000111000000000001111001000000001
0000100001100010110001010010000000000001
0000100001011010110001100010001000000001
0000100001001010110001010011010000000001
0000100001000010110001100010001000000001
0000100000100010110000100010001000000001
0000100000011010110000110010001000000001
0000100000010010110001000010001000000001
0000000000000000000000000000000000000001
0000100001010000000000001110001000000001
0000100001101000000000001111001000000001
0000100010010010110010100010000000000001
0000100010001010110010110010001000000001
0000100001111010110010100011010000000001
0000100001110010110010110010001000000001
0000100001010010110001110010001000000001
0000100001001010110010000010001000000001
0000100001000010110010010010001000000001
0000000000000000000000000000000000000001
0000100010000000000000001110001000000001
0000100010011000000000001111001000000001
0000100011000010110011110010000000000001
0000100010111010110100000010001000000001
0000100010101010110011110011010000000001
0000100010100010110100000010001000000001
0000100010000010110011000010001000000001
0000100001111010110011010010001000000001
0000100001110010110011100010001000000001
0000000000000000000000000000000000000001
0000100010110000000000001110001000000001
0000100011001000000000001111001000000001
0000100011110010110101000010000000000001
0000100011101010110101010010001000000001
0000100011011010110101000011010000000001
0000100011010010110101010010001000000001
0000100010110010110100010010001000000001
0000100010101010110100100010001000000001
0000100010100010110100110010001000000001
0000000000000000000000000000000000000001
0000100011100000000000001110001000000001
0000100011111000000000001111001000000001
0000100100100010110110010010000000000001
0000100100011010110110100010001000000001
0000100100001010110110010011010000000001
0000100100000010110110100010001000000001
0000100011100010110101100010001000000001
0000100011011010110101110010001000000001
0000100011010010110110000010001000000001
0000000000000000000000000000000000000001
0000100100010000000000001110001000000001
0000100100101000000000001111001000000001
0000100101010010110111100010000000000001
0000100101001010110111110010001000000001
0000100100111010110111100011010000000001
0000100100110010110111110010001000000001
0000100100010010110110110010001000000001
0000100100001010110111000010001000000001
0000100100000010110111010010001000000001
0000000000000000000000000000000000000001
0000100101000000000000001110001000000001
0000100101011000000000001111001000000001
0000100110000010111000110010000000000001
0000100101111010111001000010001000000001
0000100101101010111000110011010000000001
0000100101100010111001000010001000000001
0000100101000010111000000010001000000001
0000100100111010111000010010001000000001
0000100100110010111000100010001000000001
0000000000000000000000000000000000000001
0000100101110000000000001110001000000001
0000100110001000000000001111001000000001
0000100110110010111010000010000000000001
0000100110101010111010010010001000000001
0000100110011010111010000011010000000001
0000100110010010111010010010001000000001
0000100101110010111001010010001000000001
0000100101101010111001100010001000000001
0000100101100010111001110010001000000001
0000000000000000000000000000000000000001
0000100110100000000000001110001000000001
0000100110111000000000001111001000000001
0000100111100010111011010010000000000001
0000100111011010111011100010001000000001
0000100111001010111011010011010000000001
0000100111000010111011100010001000000001
0000100110100010111010100010001000000001
0000100110011010111010110010001000000001
0000100110010010111011000010001000000001
0000000000000000000000000000000000000001
0000100111010000000000001110001000000001
0000100111101000000000001111001000000001
0000101000010010111100100010000000000001
0000101000001010111100110010001000000001
0000100111111010111100100011010000000001
0000100111110010111100110010001000000001
0000100111010010111011110010001000000001
0000100111001010111100000010001000000001
0000100111000010111100010010001000000001
0000000000000000000000000000000000000001
0000101000000000000000001110001000000001
0000101000011000000000001111001000000001
0000101001000010111101110010000000000001
0000101000111010111110000010001000000001
0000101000101010111101110011010000000001
0000101000100010111110000010001000000001
0000101000000010111101000010001000000001
0000100111111010111101010010001000000001
0000100111110010111101100010001000000001
0000000000000000000000000000000000000001
0000101000110000000000001110001000000001
0000101001001000000000001111001000000001
0000101001110010111111000010000000000001
0000101001101010111111010010001000000001
0000101001011010111111000011010000000001
0000101001010010111111010010001000000001
0000011101100010111110010010001000000001
0000011101011010111110100010001000000001
0000011101010010111110110010001000000001
0000000000000000000000000000000000000001
0000101001100000000000001110001000000001
0000101001111000000000001111001000000001
0000101010100011000000010010000000000001
0000101010011011000000100010001000000001
0000101010001011000000010011010000000001
0000101010000011000000100010001000000001
0000101001100010111111100010001000000001
0000101001011010111111110010001000000001
0000101001010011000000000010001000000001
0000000000000000000000000000000000000001
0000101010010000000000001110001000000001
0000101010101000000000001111001000000001
0000101011010011000001100010000000000001
0000101011001011000001110010001000000001
0000101010111011000001100011010000000001
0000101010110011000001110010001000000001
0000101010010011000000110010001000000001
0000101010001011000001000010001000000001
0000101010000011000001010010001000000001
0000000000000000000000000000000000000001
0000101011000000000000001110001000000001
0000101011011000000000001111001000000001
0000101100000011000010110010000000000001
0000101011111011000011000010001000000001
0000101011101011000010110011010000000001
0000101011100011000011000010001000000001
0000101011000011000010000010001000000001
0000101010111011000010010010001000000001
0000101010110011000010100010001000000001
0000000000000000000000000000000000000001
0000101011110000000000001110001000000001
0000101100001000000000001111001000000001
0000101100110011000100000010000000000001
0000101100101011000100010010001000000001
0000101100011011000100000011010000000001
0000101100010011000100010010001000000001
0000101011110011000011010010001000000001
0000101011101011000011100010001000000001
0000101011100011000011110010001000000001
0000000000000000000000000000000000000001
0000101100100000000000001110001000000001
0000101100111000000000001111001000000001
0000101101100011000101010010000000000001
0000101101011011000101100010001000000001
0000101101001011000101010011010000000001
0000101101000011000101100010001000000001
0000101100100011000100100010001000000001
0000101100011011000100110010001000000001
0000101100010011000101000010001000000001
0000000000000000000000000000000000000001
0000101101010000000000001110001000000001
0000101101101000000000001111001000000001
0000101110010011000110100010000000000001
0000101110001011000110110010001000000001
0000101101111011000110100011010000000001
0000101101110011000110110010001000000001
0000101101010011000101110010001000000001
0000101101001011000110000010001000000001
0000101101000011000110010010001000000001
0000000000000000000000000000000000000001
0000101110000000000000001110001000000001
0000101110011000000000001111001000000001
0000101111000011000111110010000000000001
0000101110111011001000000010001000000001
0000101110101011000111110011010000000001
0000101110100011001000000010001000000001
0000101110000011000111000010001000000001
0000101101111011000111010010001000000001
0000101101110011000111100010001000000001
0000000000000000000000000000000000000001
0000101110110000000000001110001000000001
0000101111001000000000001111001000000001
0000101111110011001001000010000000000001
0000101111101011001001010010001000000001
0000101111011011001001000011010000000001
0000101111010011001001010010001000000001
0000101110110011001000010010001000000001
0000101110101011001000100010001000000001
0000101110100011001000110010001000000001
0000000000000000000000000000000000000001
0000101111100000000000001110001000000001
0000101111111000000000001111001000000001
0000110000100011001010010010000000000001
0000110000011011001010100010001000000001
0000110000001011001010010011010000000001
0000110000000011001010100010001000000001
0000101111100011001001100010001000000001
0000101111011011001001110010001000000001
0000101111010011001010000010001000000001
0000000000000000000000000000000000000001
0000110000010000000000001110001000000001
0000110000101000000000001111001000000001
0000110001010011001011100010000000000001
0000110001001011001011110010001000000001
0000110000111011001011100011010000000001
0000110000110011001011110010001000000001
0000110000010011001010110010001000000001
0000110000001011001011000010001000000001
0000110000000011001011010010001000000001
0000000000000000000000000000000000000001
0000110001000000000000001110001000000001
0000110001011000000000001111001000000001
0000110010000011001100110010000000000001
0000110001111011001101000010001000000001
0000110001101011001100110011010000000001
0000110001100011001101000010001000000001
0000110001000011001100000010001000000001
0000110000111011001100010010001000000001
0000110000110011001100100010001000000001
0000000000000000000000000000000000000001
0000110001110000000000001110001000000001
0000110010001000000000001111001000000001
0000110010110011001110000010000000000001
0000110010101011001110010010001000000001
0000110010011011001110000011010000000001
0000110010010011001110010010001000000001
0000110001110011001101010010001000000001
0000110001101011001101100010001000000001
0000110001100011001101110010001000000001
0000000000000000000000000000000000000001
0000110010100000000000001110001000000001
0000110010111000000000001111001000000001
0000110011100011001111010010000000000001
0000110011011011001111100010001000000001
0000110011001011001111010011010000000001
0000110011000011001111100010001000000001
0000110010100011001110100010001000000001
0000110010011011001110110010001000000001
0000110010010011001111000010001000000001
0000000000000000000000000000000000000001
0000110011010000000000001110001000000001
0000110011101000000000001111001000000001
0000110100010011010000100010000000000001
0000110100001011010000110010001000000001
0000110011111011010000100011010000000001
0000110011110011010000110010001000000001
0000110011010011001111110010001000000001
0000110011001011010000000010001000000001
0000110011000011010000010010001000000001
0000000000000000000000000000000000000001
0000110100000000000000001110001000000001
0000110100011000000000001111001000000001
0000010010101001000010000010000000000001
0000110100101000000000001110001000000001
0000110100000001000010000010000000000001
0000110100110000000000001110001000000001
0000000001101000000000001100000000000001
0000000000000111111111111010000000000001
0000000000000000000000000000000000000001
0000110100101001000010000010000010000001
0000110100100000000000001110001000000001
0000000111000001000010000010000000000001
0000110101000000000000001110001000000001
0000101000110001000010000010000000000001
0000110101001000000000001110001000000001
0000000001101000000000001100000000000001
0000000000000111111111111010000000000001
0000000000000000000000000000000000000001
0000110101000001000010000010000010000001
0000110100111000000000001110001000000001
0000000000000011010001001010000000000001
0000110101011001000010000010000000000001
0000110101010000000000001110001000000001
0000110100100001000010000010000000000001
0000110101011000000000001110001010000001
0000000000000011010001011010000000000001
0000111010101001000010000010000000000001
0000111010100000000000001110001000000001
0000110100100001000010000010000000000001
0000111010101000000000001110001010000001
0000000000000011010001101010000000000001
0000111111111001000010000010000000000001
0000111111110000000000001110001000000001
0000110100111001000010000010000000000001
0000111111111000000000001110001010000001
0000000000000011010001111010000000000001
0001000101001001000010000010000000000001
0001000101000000000000001110001000000001
0000110100111001000010000010000000000001
0001000101001000000000001110001010000001
0000111010100011010010000010000000000001
0000110100100011010010010010001000000001
0000000000000000000000000000000000000001
0001001011100000000000001110001000000001
0000110101010011010010100010000000000001
0000110100100011010010110010001000000001
0000000000000000000000000000000000000001
0001001010011000000000001110001000000001
0000111111110011010011000010000000000001
0000110100111011010011010010001000000001
0000000000000000000000000000000000000001
0001001101110000000000001110001000000001
0001000101000011010011100010000000000001
0000110100111011010011110010001000000001
0000000000000000000000000000000000000001
0001001100101000000000001110001000000001
0001001011000011010100110010000000000001
0001001010111011010101000010001000000001
0001001010101011010100110011010000000001
0001001010100011010101000010001000000001
0001001010011011010100000010001000000001
0001001010010011010100010010001000000001
0001001010001011010100100010001000000001
0000000000000000000000000000000000000001
0001001010110000000000001110001000000001
0001001011001000000000001111001000000001
0001001100001011010110000010000000000001
0001001100000011010110010010001000000001
0001001011110011010110000011010000000001
0001001011101011010110010010001000000001
0001001011100011010101010010001000000001
0001001011011011010101100010001000000001
0001001011010011010101110010001000000001
0000000000000000000000000000000000000001
0001001011111000000000001110001000000001
0001001100010000000000001111001000000001
0001001101010011010111010010000000000001
0001001101001011010111100010001000000001
0001001100111011010111010011010000000001
0001001100110011010111100010001000000001
0001001100101011010110100010001000000001
0001001100100011010110110010001000000001
0001001100011011010111000010001000000001
0000000000000000000000000000000000000001
0001001101000000000000001110001000000001
0001001101011000000000001111001000000001
0001001110011011011000100010000000000001
0001001110010011011000110010001000000001
0001001110000011011000100011010000000001
0001001101111011011000110010001000000001
0001001101110011010111110010001000000001
0001001101101011011000000010001000000001
0001001101100011011000010010001000000001
0000000000000000000000000000000000000001
0001001110001000000000001110001000000001
0001001110100000000000001111001000000001
0001001010110011011001000010000000000001
0001001011111011011001010010001000000001
0000000000000000000000000000000000000001
0001001111100000000000001110001000000001
0001001101000011011001100010000000000001
0001001110001011011001110010001000000001
0000000000000000000000000000000000000001
0001001110110000000000001110001000000001
0001001111001011011010100010000000000001
0001001110111011011010100011010000000001
0001001110110011011010000010001000000001
0001001110101011011010010010001000000001
0000000000000000000000000000000000000001
0001001111000000000000001110001000000001
0001001111010000000000001111001000000001
0001001111111011011011010010000000000001
0001001111101011011011010011010000000001
0001001111100011011010110010001000000001
0001001111011011011011000010001000000001
0000000000000000000000000000000000000001
0001001111110000000000001110001000000001
0001010000000000000000001111001000000001
0001001111110011011011100010000000000001
0000110100111011011011110010001000000001
0001010000001000000000001110001000000001
0001001111000011011100000010000000000001
0000110100100011011100010010001000000001
0001010000010000000000001110001000000001
0000110100100001000010000010000000000001
0001010000100000000000001110001000000001
0001010000010001000010000010000000000001
0001010000101000000000001110001000000001
0000000000100001000010000010000000000001
0001010000110000000000001110001000000001
0000000001100000000000001100000000000001
0000000000000111111111111010000000000001
0000000000000000000000000000000000000001
0001010000100001000010000010000010000001
0001010000011000000000001110001000000001
0000110100111001000010000010000000000001
0001010001000000000000001110001000000001
0001010000001001000010000010000000000001
0001010001001000000000001110001000000001
0000000000100001000010000010000000000001
0001010001010000000000001110001000000001
0000000001100000000000001100000000000001
0000000000000111111111111010000000000001
0000000000000000000000000000000000000001
0001010001000001000010000010000010000001
0001010000111000000000001110001000000001
0001010000111001000010000010000000000001
0001010001101011011100100010001001000001
0001010001100000000000001110001000000001
0001010000011001000010000010000000000001
0001010001101011011100100010001000000001
0001010001011000000000001110001000000001
0001010000011001000010000010000000000001
0001010000111001000010000010001001000001
0001010001101001000010000010001001000001
0000000001010000000000001110001000000001
0000000001010011011100110010000000000001
0001010001101001000010000010001000000001
0001010001110000000000001110001000000001
0001010000011001000010000010000000000001
0001010010000000000000001110001000000001
0001010001011001000010000010000000000001
0001010010001000000000001110001000000001
0000000001110000000000001100000000000001
0000000000000111111111111010000000000001
0000000000000000000000000000000000000001
0001010010000001000010000010000010000001
0001010001111000000000001110001000000001
0001010000111001000010000010000000000001
0001010010011000000000001110001000000001
0001010001100001000010000010000000000001
0001010010100000000000001110001000000001
0000000001110000000000001100000000000001
0000000000000111111111111010000000000001
0000000000000000000000000000000000000001
0001010010011001000010000010000010000001
0001010010010000000000001110001000000001
0000000110100011011101000010000000000001
0001010001111011011101010010001000000001
0001010010111000000000001110001000000001
0001010010010011011101100010000000000001
0000000110101011011101110010001000000001
0001010100000000000000001110001000000001
0001010011100011011110110010000000000001
0001010011011011011111000010001000000001
0001010011001011011110110011010000000001
0001010011000011011111000010001000000001
0001010010111011011110000010001000000001
0001010010110011011110010010001000000001
0001010010101011011110100010001000000001
0000000000000000000000000000000000000001
0001010011010000000000001110001000000001
0001010011101000000000001111001000000001
0001010100101011100000000010000000000001
0001010100100011100000010010001000000001
0001010100010011100000000011010000000001
0001010100001011100000010010001000000001
0001010100000011011111010010001000000001
0001010011111011011111100010001000000001
0001010011110011011111110010001000000001
0000000000000000000000000000000000000001
0001010100011000000000001110001000000001
0001010100110000000000001111001000000001
0001010100000001000010000010000000000001
0001010101000000000000001110001000000001
0001010100011001000010000010000000000001
0001010101001000000000001110001000000001
0000000010101000000000001100000000000001
0000000000000111111111111010000000000001
0000000000000000000000000000000000000001
0001010101000001000010000010000010000001
0001010100111000000000001110001000000001
0001010010111001000010000010000000000001
0001010101011000000000001110001000000001
0001010011010001000010000010000000000001
0001010101100000000000001110001000000001
0000000010101000000000001100000000000001
0000000000000111111111111010000000000001
0000000000000000000000000000000000000001
0001010101011001000010000010000010000001
0001010101010000000000001110001000000001
0001010101010001000010000010000000000001
1111111100101000000000000000001000000001
0001010100111001000010000010000000000001
1111111100110000000000000000001000000001
0000000000000000000000000000000000000001
0000000000000000000000000000000000000001
0000000000000000000000000000000000000001
0000000000000000000000000000000000000001
0000000000000000000000000000000000000001
0000000000000000000000000000000000000001
0000000000000000000000000000000000000001
0000000000000000000000000000000000000001
0000000000000000000000000000000000000001
0000000000000000000000000000000000000001
0000000000000000000000000000000000000001
0000000000000000000000000000000000000001
0000000000000000000000000000000000000001
0000000000000000000000000000000000000001
0000000000000000000000000000000000000001
0000000000000000000000000000000000000001
0000000000000000000000000000000000000001
0000000000000000000000000000000000000001
0000000000000000000000000000000000000001
0000000000000000000000000000000000000001
0000000000000000000000000000000000000001
0000000000000000000000000000000000000001
0000000000000000000000000000000000000001
0000000000000000000000000000000000000001
0000000000000000000000000000000000000001
0000000000000000000000000000000000000001
0000000000000000000000000000000000000001
0000000000000000000000000000000000000001
0000000000000000000000000000000000000001
0000000000000000000000000000000000000001
0000000000000000000000000000000000000001
0000000000000000000000000000000000000001
0000000000000000000000000000000000000001
0000000000000000000000000000000000000001
0000000000000000000000000000000000000001
0000000000000000000000000000000000000001
0000000000000000000000000000000000000001
0000000000000000000000000000000000000001
0000000000000000000000000000000000000001
0000000000000000000000000000000000000001
0000000000000000000000000000000000000001
0000000000000000000000000000000000000001
0000000000000000000000000000000000000001
0000000000000000000000000000000000000001
0000000000000000000000000000000000000001
0000000000000000000000000000000000000001
0000000000000000000000000000000000000001
0000000000000000000000000000000000000001
0000000000000000000000000000000000000001
0000000000000000000000000000000000000001
0000000000000000000000000000000000000001
0000000000000000000000000000000000000001
0000000000000000000000000000000000000001
0000000000000000000000000000000000000001
0000000000000000000000000000000000000001
0000000000000000000000000000000000000001
0000000000000000000000000000000000000001
0000000000000000000000000000000000000001
0000000000000000000000000000000000000001
0000000000000000000000000000000000000001
0000000000000000000000000000000000000001
0000000000000000000000000000000000000001
0000000000000000000000000000000000000001
0000000000000000000000000000000000000001
0000000000000000000000000000000000000001
0000000000000000000000000000000000000001
0000000000000000000000000000000000000001
0000000000000000000000000000000000000001
0000000000000000000000000000000000000001
0000000000000000000000000000000000000001
0000000000000000000000000000000000000001
0000000000000000000000000000000000000001
0000000000000000000000000000000000000001
0000000000000000000000000000000000000001
0000000000000000000000000000000000000001
0000000000000000000000000000000000000001
0000000000000000000000000000000000000001
0000000000000000000000000000000000000001
0000000000000000000000000000000000000001
0000000000000000000000000000000000000001
0000000000000000000000000000000000000001
0000000000000000000000000000000000000001
0000000000000000000000000000000000000001
0000000000000000000000000000000000000001
0000000000000000000000000000000000000001
0000000000000000000000000000000000000001
0000000000000000000000000000000000000001
0000000000000000000000000000000000000001
0000000000000000000000000000000000000001
0000000000000000000000000000000000000001
0000000000000000000000000000000000000001
0000000000000000000000000000000000000001
0000000000000000000000000000000000000001
0000000000000000000000000000000000000001
